[gd_scene load_steps=6 format=3 uid="uid://3wwvufnl73oa"]

[ext_resource type="Material" uid="uid://bk8jut5h8b08q" path="res://ShinyDomeMaterial.tres" id="1_3i8td"]

[sub_resource type="StandardMaterial3D" id="StandardMaterial3D_2y546"]
albedo_color = Color(0.180392, 0.0980392, 0.0666667, 1)

[sub_resource type="StandardMaterial3D" id="StandardMaterial3D_8mehc"]
albedo_color = Color(0.180392, 0.0980392, 0.0666667, 1)

[sub_resource type="StandardMaterial3D" id="StandardMaterial3D_kinyi"]
albedo_color = Color(0.0431373, 0.329412, 0.160784, 1)

[sub_resource type="StandardMaterial3D" id="StandardMaterial3D_jds5p"]
albedo_color = Color(0.941176, 0.843137, 0.827451, 1)

[node name="BackgroundFar" type="CSGBox3D" groups=["Hazard"]]
transform = Transform3D(1, 0, 0, 0, 1, 0, 0, 0, 1, 0, -4, -20.1684)
use_collision = true
size = Vector3(40, 8, 5)
material = SubResource("StandardMaterial3D_2y546")

[node name="Wall" type="CSGBox3D" parent="."]
transform = Transform3D(0.992088, -0.125541, 0, 0.125541, 0.992089, 0, 0, 0, 1, -17.3116, 5.88352, 0)
size = Vector3(4, 10, 4)
material = SubResource("StandardMaterial3D_8mehc")

[node name="Wall2" type="CSGBox3D" parent="."]
transform = Transform3D(0.700586, 0.713568, 0, -0.713568, 0.700585, 0, 0, 0, 1, -13.4789, 12.6127, 0)
size = Vector3(4, 10, 4)
material = SubResource("StandardMaterial3D_8mehc")

[node name="Wall3" type="CSGBox3D" parent="."]
transform = Transform3D(0.855455, 0.517878, 2.24682e-09, -0.517878, 0.855455, 1.96926e-08, 8.2763e-09, -1.80097e-08, 1, 14.0241, 7.03704, 0)
size = Vector3(4, 10, 4)
material = SubResource("StandardMaterial3D_8mehc")

[node name="Wall4" type="CSGBox3D" parent="."]
transform = Transform3D(0.82538, -0.564578, -2.75592e-09, 0.564578, 0.82538, -3.13837e-08, 1.99932e-08, 2.43475e-08, 1, 12.2085, 13.1402, 0)
size = Vector3(4, 10, 4)
material = SubResource("StandardMaterial3D_8mehc")

[node name="Ceiling" type="CSGBox3D" parent="."]
transform = Transform3D(-0.713434, 0.700722, 9.065e-09, -0.700723, -0.713434, 3.8766e-08, 3.36315e-08, 2.13049e-08, 1, -5.90165, 14.401, 0)
size = Vector3(4, 10, 4)
material = SubResource("StandardMaterial3D_8mehc")

[node name="Ceiling2" type="CSGBox3D" parent="."]
transform = Transform3D(-0.149604, 0.988746, -5.15303e-08, -0.988746, -0.149604, -8.26599e-08, -8.94388e-08, 3.85841e-08, 1, -0.97178, 15.8379, 0)
size = Vector3(4, 10, 4)
material = SubResource("StandardMaterial3D_8mehc")

[node name="Ceiling3" type="CSGBox3D" parent="."]
transform = Transform3D(-0.961358, 0.275302, 8.83642e-08, -0.275302, -0.961358, 4.71246e-08, 9.79232e-08, 2.09768e-08, 1, 7.13414, 15.5801, 0)
size = Vector3(4, 10, 4)
material = SubResource("StandardMaterial3D_8mehc")

[node name="Dome" type="CSGSphere3D" parent="."]
transform = Transform3D(0.75, 0, 0, 0, 0.75, 0, 0, 0, 0.75, -4.14593, 4.25299, 0)
radius = 2.5
material = SubResource("StandardMaterial3D_kinyi")

[node name="Antenna" type="CSGCylinder3D" parent="Dome"]
transform = Transform3D(1, 0, 0, 0, 1, 0, 0, 0, 1, 0, 3.11419, 0)
radius = 0.1
height = 1.5
cone = true
material = ExtResource("1_3i8td")

[node name="Ring" type="CSGTorus3D" parent="Dome"]
transform = Transform3D(1, 0, 0, 0, 1, 0, 0, 0, 1, 0, 2.1887, 0)
material = ExtResource("1_3i8td")

[node name="Ring2" type="CSGTorus3D" parent="Dome"]
transform = Transform3D(1, 0, 0, 0, 1, 0, 0, 0, 1, 0, 2.00743, 0)
inner_radius = 1.0
outer_radius = 1.5
material = ExtResource("1_3i8td")

[node name="Ring3" type="CSGTorus3D" parent="Dome"]
transform = Transform3D(1, 0, 0, 0, 1, 0, 0, 0, 1, 0, 1.5361, 0)
inner_radius = 1.5
outer_radius = 2.0
material = ExtResource("1_3i8td")

[node name="Ring4" type="CSGTorus3D" parent="Dome"]
transform = Transform3D(1, 0, 0, 0, 1, 0, 0, 0, 1, 0, 0.932105, 0)
inner_radius = 2.0
outer_radius = 2.5
material = ExtResource("1_3i8td")

[node name="Ring5" type="CSGTorus3D" parent="Dome"]
transform = Transform3D(1, 0, 0, 0, 1, 0, 0, 0, 1, 0, -0.31571, 0)
material_override = SubResource("StandardMaterial3D_jds5p")
inner_radius = 2.5
outer_radius = 3.0
material = ExtResource("1_3i8td")

[node name="OmniLight3D" type="OmniLight3D" parent="."]
transform = Transform3D(1, 0, 0, 0, 1, 0, 0, 0, 1, -4.15599, 8.75615, 0)
omni_range = 12.0
omni_attenuation = 0.5
